[stacked_AE0]
hidden_size_l1 = 6
hidden_size_l2 = 6
hidden_size_l3 = 5
hidden_size_l4 = 0
learning_rate = 0.0220530187682
epsilon = 1.08221311912e-10
weight_decay = 5.05372569131e-08

[stacked_AE1]
hidden_size_l1 = 15
hidden_size_l2 = 14
hidden_size_l3 = 12
hidden_size_l4 = 10
learning_rate = 0.050303662307
epsilon = 2.31491386061e-05
weight_decay = 3.84450680185e-07

[kpca0]
kernel = rbf
gamma = 0.0108479514382
alpha = 1.56828073145e-10

[kpca1]
kernel = rbf
gamma = 0.0331887121562
alpha = 1.12197230654e-10

[kpca2]
kernel = rbf
gamma = 0.020112769316
alpha = 1.09663278206e-10

