[kpca0]
kernel = rbf
gamma = 0.07895607047101476
alpha = 1.34537753831e-10

[stacked_AE0]
hidden_size_l1 = 18
hidden_size_l2 = 18
hidden_size_l3 = 17
hidden_size_l4 = 13
p = 0.0005845
weight_decay = 2.725e-8
batch_size = 273
