[kpca0]
kernel = rbf
gamma = 0.07126436247249446
alpha = 1.03643564918e-09

[stacked_AE0]
hidden_size_l1 = 14
hidden_size_l2 = 10
hidden_size_l3 = 9
hidden_size_l4 = 4
p = 0.0004328
weight_decay = 1.018e-10

