[kpca0]
kernel = rbf
gamma = 0.0134456569046
alpha = 3.22904022389e-10

[ML_AE0]
hidden_size_l1 = 8
hidden_size_l2 = 7
hidden_size_l3 = 7
hidden_size_l4 = 7
learning_rate = 0.208450798108
epsilon = 4.03831720014e-09
weight_decay = 1.13658065058e-06

[stacked_AE0]
hidden_size_l1 = 8
hidden_size_l2 = 8
hidden_size_l3 = 8
hidden_size_l4 = 0
learning_rate = 0.0699815929043
epsilon = 2.57104897348e-07
weight_decay = 3.41447769095e-07

